day	week	month	year	mu	sigma	nu	tau
0	0	0	0	11.61	0.262	0.9079	21.068
7	1	0.23	0.0192	12.4	0.2519	0.931	21.106
14	2	0.46	0.0383	13.2	0.2422	0.9541	21.144
21	3	0.69	0.0575	14	0.2329	0.9772	21.182
28	4	0.92	0.0767	14.8	0.2239	1.0008	21.22
35	5	1.15	0.0958	15.6	0.2153	1.0253	21.257
42	6	1.38	0.115	16.4	0.2071	1.0513	21.295
49	7	1.61	0.1342	17.2	0.1992	1.0789	21.334
56	8	1.84	0.1533	18	0.1916	1.108	21.372
63	9	2.07	0.1725	18.81	0.1844	1.1382	21.41
70	10	2.3	0.1916	19.63	0.1775	1.1692	21.448
77	11	2.53	0.2108	20.45	0.171	1.2008	21.486
84	12	2.76	0.23	21.27	0.1647	1.2328	21.525
91	13	2.99	0.2491	22.1	0.1588	1.2651	21.563
98	14	3.22	0.2683	22.94	0.1532	1.2973	21.602
105	15	3.45	0.2875	23.77	0.1479	1.3293	21.64
112	16	3.68	0.3066	24.62	0.1428	1.3607	21.679
119	17	3.91	0.3258	25.46	0.138	1.3914	21.718
126	18	4.14	0.345	26.31	0.1335	1.4211	21.756
133	19	4.37	0.3641	27.15	0.1292	1.4497	21.795
140	20	4.6	0.3833	28	0.1252	1.4772	21.834
147	21	4.83	0.4025	28.85	0.1213	1.5036	21.873
154	22	5.06	0.4216	29.69	0.1177	1.5292	21.912
161	23	5.29	0.4408	30.53	0.1143	1.5539	21.951
168	24	5.52	0.46	31.36	0.111	1.5778	21.99
175	25	5.75	0.4791	32.18	0.108	1.6011	22.029
182	26	5.98	0.4983	32.99	0.1051	1.6238	22.069
189	27	6.21	0.5175	33.78	0.1023	1.6461	22.108
196	28	6.44	0.5366	34.56	0.0997	1.6682	22.147
203	29	6.67	0.5558	35.32	0.0973	1.6902	22.187
210	30	6.9	0.5749	36.06	0.095	1.712	22.226
217	31	7.13	0.5941	36.79	0.0928	1.7337	22.266
224	32	7.36	0.6133	37.49	0.0908	1.755	22.306
231	33	7.59	0.6324	38.18	0.0888	1.7759	22.345
238	34	7.82	0.6516	38.84	0.087	1.7961	22.385
245	35	8.05	0.6708	39.49	0.0853	1.8155	22.425
252	36	8.28	0.6899	40.12	0.0836	1.8338	22.465
259	37	8.51	0.7091	40.74	0.0821	1.8509	22.505
266	38	8.74	0.7283	41.35	0.0807	1.8667	22.545
273	39	8.97	0.7474	41.94	0.0793	1.8812	22.585
280	40	9.2	0.7666	42.52	0.078	1.8945	22.625
287	41	9.43	0.7858	43.09	0.0768	1.9065	22.665
294	42	9.66	0.8049	43.65	0.0757	1.9173	22.705
301	43	9.89	0.8241	44.2	0.0746	1.9269	22.746
308	44	10.12	0.8433	44.75	0.0736	1.9355	22.786
315	45	10.35	0.8624	45.29	0.0727	1.9431	22.826
322	46	10.58	0.8816	45.82	0.0718	1.9498	22.867
329	47	10.81	0.9008	46.35	0.071	1.9556	22.907
336	48	11.04	0.9199	46.88	0.0703	1.9605	22.948
343	49	11.27	0.9391	47.4	0.0695	1.9647	22.989
350	50	11.5	0.9582	47.92	0.0689	1.9683	23.03
357	51	11.73	0.9774	48.43	0.0682	1.9712	23.07
364	52	11.96	0.9966	48.94	0.0676	1.9736	23.111
371	53	12.19	1.0157	49.45	0.067	1.9757	23.152
378	54	12.42	1.0349	49.94	0.0665	1.9774	23.193
385	55	12.65	1.0541	50.43	0.066	1.9789	23.234
392	56	12.88	1.0732	50.92	0.0655	1.9802	23.276
399	57	13.11	1.0924	51.39	0.065	1.9813	23.317
406	58	13.34	1.1116	51.86	0.0646	1.9822	23.358
413	59	13.57	1.1307	52.32	0.0641	1.9828	23.399
420	60	13.8	1.1499	52.77	0.0637	1.9832	23.441
427	61	14.03	1.1691	53.21	0.0633	1.9831	23.482
434	62	14.26	1.1882	53.64	0.0629	1.9826	23.524
441	63	14.49	1.2074	54.07	0.0626	1.9815	23.566
448	64	14.72	1.2266	54.48	0.0622	1.9797	23.607
455	65	14.95	1.2457	54.89	0.0619	1.9772	23.649
462	66	15.18	1.2649	55.29	0.0615	1.9739	23.691
469	67	15.41	1.2841	55.68	0.0612	1.9699	23.733
476	68	15.64	1.3032	56.06	0.0609	1.9652	23.775
483	69	15.87	1.3224	56.43	0.0606	1.9598	23.817
490	70	16.1	1.3415	56.79	0.0603	1.9539	23.859
497	71	16.33	1.3607	57.14	0.06	1.9475	23.901
504	72	16.56	1.3799	57.49	0.0597	1.9407	23.943
511	73	16.79	1.399	57.82	0.0595	1.9334	23.985
518	74	17.02	1.4182	58.15	0.0592	1.9258	24.028
525	75	17.25	1.4374	58.47	0.0589	1.9179	24.07
532	76	17.48	1.4565	58.79	0.0587	1.9097	24.113
539	77	17.71	1.4757	59.1	0.0585	1.9013	24.155
546	78	17.94	1.4949	59.4	0.0582	1.8927	24.198
553	79	18.17	1.514	59.69	0.058	1.884	24.241
560	80	18.4	1.5332	59.99	0.0578	1.8752	24.283
567	81	18.63	1.5524	60.27	0.0576	1.8664	24.326
574	82	18.86	1.5715	60.55	0.0574	1.8575	24.369
581	83	19.09	1.5907	60.82	0.0572	1.8487	24.412
588	84	19.32	1.6099	61.09	0.057	1.8398	24.455
595	85	19.55	1.629	61.36	0.0568	1.8311	24.498
602	86	19.78	1.6482	61.62	0.0566	1.8224	24.541
609	87	20.01	1.6674	61.88	0.0565	1.8139	24.585
616	88	20.24	1.6865	62.13	0.0563	1.8056	24.628
623	89	20.47	1.7057	62.38	0.0561	1.7977	24.671
630	90	20.7	1.7248	62.63	0.056	1.7902	24.715
637	91	20.93	1.744	62.87	0.0558	1.7834	24.758
644	92	21.16	1.7632	63.11	0.0556	1.7773	24.802
651	93	21.39	1.7823	63.35	0.0555	1.7722	24.846
658	94	21.62	1.8015	63.58	0.0553	1.7679	24.889
665	95	21.85	1.8207	63.81	0.0552	1.7646	24.933
672	96	22.08	1.8398	64.04	0.055	1.7624	24.977
679	97	22.31	1.859	64.26	0.0549	1.7611	25.021
686	98	22.54	1.8782	64.48	0.0548	1.7607	25.065
693	99	22.77	1.8973	64.71	0.0546	1.7613	25.109
700	100	23	1.9165	64.93	0.0545	1.7627	25.153
707	101	23.23	1.9357	65.15	0.0544	1.765	25.197
714	102	23.46	1.9548	65.36	0.0543	1.7681	25.242
721	103	23.69	1.974	65.58	0.0542	1.772	25.286
728	104	23.92	1.9932	65.79	0.054	1.7768	25.33
735	105	24.15	2.0123	66.01	0.0539	1.7823	25.375
742	106	24.38	2.0315	66.22	0.0538	1.7887	25.42
749	107	24.61	2.0507	66.43	0.0537	1.7957	25.464
756	108	24.84	2.0698	66.63	0.0536	1.8035	25.509
763	109	25.07	2.089	66.84	0.0535	1.812	25.554
770	110	25.3	2.1081	67.04	0.0534	1.8209	25.598
777	111	25.53	2.1273	67.24	0.0534	1.8303	25.643
784	112	25.76	2.1465	67.44	0.0533	1.8401	25.688
791	113	25.99	2.1656	67.64	0.0532	1.8501	25.733
798	114	26.22	2.1848	67.83	0.0531	1.8602	25.779
805	115	26.45	2.204	68.03	0.053	1.8704	25.824
812	116	26.68	2.2231	68.22	0.0529	1.8805	25.869
819	117	26.91	2.2423	68.41	0.0529	1.8906	25.914
826	118	27.14	2.2615	68.6	0.0528	1.9005	25.96
833	119	27.37	2.2806	68.79	0.0527	1.9102	26.005
840	120	27.6	2.2998	68.98	0.0526	1.9194	26.051
847	121	27.83	2.319	69.17	0.0526	1.928	26.097
854	122	28.06	2.3381	69.35	0.0525	1.9359	26.142
861	123	28.29	2.3573	69.54	0.0524	1.943	26.188
868	124	28.52	2.3765	69.72	0.0524	1.9491	26.234
875	125	28.75	2.3956	69.9	0.0523	1.9542	26.28
882	126	28.98	2.4148	70.08	0.0522	1.9582	26.326
889	127	29.21	2.4339	70.26	0.0521	1.9609	26.372
896	128	29.44	2.4531	70.44	0.0521	1.9623	26.418
903	129	29.67	2.4723	70.62	0.052	1.9623	26.464
910	130	29.9	2.4914	70.8	0.0519	1.9609	26.51
917	131	30.13	2.5106	70.97	0.0519	1.9581	26.557
924	132	30.36	2.5298	71.15	0.0518	1.954	26.603
931	133	30.59	2.5489	71.32	0.0517	1.9484	26.65
938	134	30.82	2.5681	71.49	0.0517	1.9415	26.696
945	135	31.05	2.5873	71.66	0.0516	1.9333	26.743
952	136	31.28	2.6064	71.83	0.0516	1.9239	26.79
959	137	31.51	2.6256	71.99	0.0515	1.9133	26.837
966	138	31.74	2.6448	72.15	0.0515	1.9017	26.883
973	139	31.97	2.6639	72.31	0.0514	1.889	26.93
980	140	32.2	2.6831	72.46	0.0514	1.8754	26.977
987	141	32.43	2.7023	72.62	0.0513	1.8609	27.024
994	142	32.66	2.7214	72.76	0.0513	1.8455	27.072
1001	143	32.89	2.7406	72.91	0.0512	1.8293	27.119
1008	144	33.12	2.7598	73.05	0.0512	1.8123	27.166
1015	145	33.35	2.7789	73.19	0.0512	1.7945	27.214
1022	146	33.58	2.7981	73.32	0.0511	1.776	27.261
1029	147	33.81	2.8172	73.45	0.0511	1.7568	27.309
1036	148	34.04	2.8364	73.58	0.0511	1.737	27.356
1043	149	34.27	2.8556	73.7	0.0511	1.7164	27.404
1050	150	34.5	2.8747	73.83	0.051	1.6952	27.452
1057	151	34.73	2.8939	73.94	0.051	1.6734	27.499
1064	152	34.96	2.9131	74.06	0.051	1.6508	27.547
1071	153	35.19	2.9322	74.17	0.051	1.6276	27.595
1078	154	35.42	2.9514	74.28	0.051	1.6036	27.643
1085	155	35.65	2.9706	74.39	0.051	1.5789	27.691
1092	156	35.88	2.9897	74.49	0.051	1.5533	27.74
1099	157	36.11	3.0089	74.59	0.051	1.527	27.788
1106	158	36.34	3.0281	74.69	0.051	1.4999	27.836
1113	159	36.57	3.0472	74.79	0.0509	1.4719	27.885
1120	160	36.8	3.0664	74.88	0.0509	1.4432	27.933
1127	161	37.03	3.0856	74.97	0.0509	1.4137	27.982
1134	162	37.26	3.1047	75.06	0.0509	1.3835	28.03
1141	163	37.49	3.1239	75.15	0.0509	1.3528	28.079
1148	164	37.72	3.1431	75.23	0.0509	1.3215	28.128
1155	165	37.95	3.1622	75.31	0.0509	1.2897	28.177
1162	166	38.18	3.1814	75.39	0.0509	1.2575	28.226
1169	167	38.41	3.2005	75.47	0.0509	1.225	28.275
1176	168	38.64	3.2197	75.54	0.0509	1.1922	28.324
1183	169	38.87	3.2389	75.62	0.0509	1.1594	28.373
1190	170	39.1	3.258	75.69	0.0509	1.1265	28.422
1197	171	39.33	3.2772	75.76	0.0509	1.0936	28.472
1204	172	39.56	3.2964	75.83	0.0509	1.0608	28.521
1211	173	39.79	3.3155	75.9	0.0509	1.028	28.571
1218	174	40.02	3.3347	75.97	0.0509	0.9953	28.62
1225	175	40.25	3.3539	76.04	0.0509	0.9628	28.67
1232	176	40.48	3.373	76.1	0.0509	0.9303	28.72
1239	177	40.71	3.3922	76.17	0.0509	0.898	28.769
1246	178	40.94	3.4114	76.24	0.0509	0.8657	28.819
1253	179	41.17	3.4305	76.31	0.0509	0.8336	28.869
1260	180	41.4	3.4497	76.37	0.0509	0.8016	28.919
1267	181	41.63	3.4689	76.44	0.0509	0.7696	28.969
1274	182	41.86	3.488	76.51	0.0509	0.7377	29.02
1281	183	42.09	3.5072	76.58	0.0509	0.7057	29.07
1288	184	42.32	3.5264	76.64	0.0509	0.6738	29.12
1295	185	42.55	3.5455	76.71	0.0509	0.6419	29.171
1302	186	42.78	3.5647	76.78	0.0509	0.6101	29.221
1826	261	60	5	82.34	0.0509	0.6101	29.221
